0
0
0
0
0
0
0
0
0
0
0
0
0
0
0
0
0
0
0
0
0
0
0
0
0
0
0
0
0
0
0
0
0
0
0
0
0
0
0
0
0
0
0
0
0
0
0
0
0
0
0
0
0
0
0
0
0
0
0
0
0
0
0
0
0
0
0
0
0
0
0
0
0
0
0
0
47331.56292
47322.82793
47296.06446
47281.68288
47281.50911
47267.43885
47258.26293
47281.12903
47234.40973
47227.66105
47193.25285
47193.73885
47177.97412
47180.18068
47160.80873
47188.80149
47154.77001
47155.23931
47149.58581
47159.59173
47171.81046
47166.77612
47171.12224
47155.65076
47153.9219
47156.49849
47165.15603
47161.65383
47168.29643
47178.29644
47175.86068
47170.59893
47189.14946
47208.97951
47176.35807
47152.493
47152.7069
47150.55763
47155.54467
47163.98644
47161.81637
47174.40934
47173.81568
47171.16049
47179.55351
47160.16575
47166.52846
47173.83005
47173.51952
47166.24563
47169.91407
47164.35025
47174.82573
47197.03025
47207.1925
47200.18149
47212.48046
47205.41899
47213.94054
47219.59483
47219.64856
47220.78659
47211.434
47217.66631
47222.17279
47231.85383
47233.8188
47233.46793
47240.61101
47239.76864
47251.65394
47252.65117
47229.9664
47219.9664
0
0
0
0
0
0
0
0
0
0
0
0
0
0
0
0
0
0
0
0
0
0
0
0
0
0
0
0
0
0
0
0
0
0
0
0
0
0
0
0
0
0
0
0
0
0
0
0
0
0
0
0
0
0
0
0
0
0
0
0
0
0
0
0
0
0
0
0
0
0
0
0
0
0
0