0
0
0
0
0
0
0
0
0
0
0
0
0
0
0
0
0
0
0
0
0
0
0
0
0
0
0
0
0
0
0
0
0
0
0
0
0
0
0
0
0
0
0
0
0
0
0
0
0
0
0
0
0
0
0
0
0
0
0
0
0
0
0
0
0
0
0
0
0
0
0
0
0
0
0
0
10
9.722222222
9.444444444
9.166666667
8.888888889
8.611111111
8.333333333
8.055555556
7.777777778
7.5
7.222222222
6.944444444
6.666666667
6.388888889
6.111111111
5.833333333
5.555555556
5.277777778
5
4.722222222
4.444444444
4.166666667
3.888888889
3.611111111
3.333333333
3.055555556
2.777777778
2.5
2.222222222
1.944444444
1.666666667
1.388888889
1.111111111
0.833333333
0.555555556
0.277777778
5.9508E-15
-0.277777778
-0.555555556
-0.833333333
-1.111111111
-1.388888889
-1.666666667
-1.944444444
-2.222222222
-2.5
-2.777777778
-3.055555556
-3.333333333
-3.611111111
-3.888888889
-4.166666667
-4.444444444
-4.722222222
-5
-5.277777778
-5.555555556
-5.833333333
-6.111111111
-6.388888889
-6.666666667
-6.944444444
-7.222222222
-7.5
-7.777777778
-8.055555556
-8.333333333
-8.611111111
-8.888888889
-9.166666667
-9.444444444
-9.722222222
-10
-10
0
0
0
0
0
0
0
0
0
0
0
0
0
0
0
0
0
0
0
0
0
0
0
0
0
0
0
0
0
0
0
0
0
0
0
0
0
0
0
0
0
0
0
0
0
0
0
0
0
0
0
0
0
0
0
0
0
0
0
0
0
0
0
0
0
0
0
0
0
0
0
0
0
0
0
