       -999.00000000
       -999.00000000
       -999.00000000
       -999.00000000
       -999.00000000
       -999.00000000
       -999.00000000
       -999.00000000
       -999.00000000
       -999.00000000
       -999.00000000
       -999.00000000
       -999.00000000
       -999.00000000
       -999.00000000
       -999.00000000
       -999.00000000
       -999.00000000
       -999.00000000
       -999.00000000
       -999.00000000
       -999.00000000
       -999.00000000
       -999.00000000
       -999.00000000
       -999.00000000
       -999.00000000
       -999.00000000
       -999.00000000
       -999.00000000
       -999.00000000
       -999.00000000
       -999.00000000
       -999.00000000
       -999.00000000
       -999.00000000
       -999.00000000
       -999.00000000
       -999.00000000
       -999.00000000
       -999.00000000
       -999.00000000
       -999.00000000
       -999.00000000
       -999.00000000
       -999.00000000
       -999.00000000
       -999.00000000
       -999.00000000
       -999.00000000
       -999.00000000
       -999.00000000
       -999.00000000
       -999.00000000
       -999.00000000
       -999.00000000
       -999.00000000
       -999.00000000
       -999.00000000
       -999.00000000
       -999.00000000
       -999.00000000
       -999.00000000
       -999.00000000
       -999.00000000
       -999.00000000
       -999.00000000
       -999.00000000
       -999.00000000
       -999.00000000
       -999.00000000
       -999.00000000
       -999.00000000
       -999.00000000
       -999.00000000
       -999.00000000
         10.08595060
         10.08481044
         10.08542715
         10.08600406
         10.08493027
         10.08546669
         10.08604358
         10.08455888
         10.08603450
         10.08466617
         10.08601045
         10.08482582
         10.08595949
         10.08472220
         10.08602392
         10.08456501
         10.08598747
         10.08541681
         10.08595621
         10.08538276
         10.08479675
         10.08590641
         10.08474117
         10.08578449
         10.08598124
         10.08569197
         10.08497471
         10.08591179
         10.08545501
         10.08495885
         10.08543134
         10.08592407
         10.08488000
         10.08458543
         10.08482904
         10.08588673
         10.08561171
         10.08591773
         10.08548922
         10.08506766
         10.08584842
         10.08489263
         10.08554972
         10.08588838
         10.08464565
         10.08588392
         10.08544237
         10.08528217
         10.08529943
         10.08583001
         10.08515793
         10.08582951
         10.08534490
         10.08481127
         10.08483770
         10.08580260
         10.08471738
         10.08582572
         10.08537721
         10.08546887
         10.08574968
         10.08501867
         10.08582531
         10.08548803
         10.08552774
         10.08523631
         10.08567114
         10.08575329
         10.08520719
         10.08572520
         10.08491420
         10.08466814
         10.08509240
       -999.00000000
       -999.00000000
       -999.00000000
       -999.00000000
       -999.00000000
       -999.00000000
       -999.00000000
       -999.00000000
       -999.00000000
       -999.00000000
       -999.00000000
       -999.00000000
       -999.00000000
       -999.00000000
       -999.00000000
       -999.00000000
       -999.00000000
       -999.00000000
       -999.00000000
       -999.00000000
       -999.00000000
       -999.00000000
       -999.00000000
       -999.00000000
       -999.00000000
       -999.00000000
       -999.00000000
       -999.00000000
       -999.00000000
       -999.00000000
       -999.00000000
       -999.00000000
       -999.00000000
       -999.00000000
       -999.00000000
       -999.00000000
       -999.00000000
       -999.00000000
       -999.00000000
       -999.00000000
       -999.00000000
       -999.00000000
       -999.00000000
       -999.00000000
       -999.00000000
       -999.00000000
       -999.00000000
       -999.00000000
       -999.00000000
       -999.00000000
       -999.00000000
       -999.00000000
       -999.00000000
       -999.00000000
       -999.00000000
       -999.00000000
       -999.00000000
       -999.00000000
       -999.00000000
       -999.00000000
       -999.00000000
       -999.00000000
       -999.00000000
       -999.00000000
       -999.00000000
       -999.00000000
       -999.00000000
       -999.00000000
       -999.00000000
       -999.00000000
       -999.00000000
       -999.00000000
       -999.00000000
       -999.00000000
       -999.00000000
       -999.00000000
       -999.00000000
       -999.00000000
       -999.00000000
       -999.00000000
       -999.00000000
       -999.00000000
       -999.00000000
       -999.00000000
       -999.00000000
       -999.00000000
       -999.00000000
       -999.00000000
       -999.00000000
       -999.00000000
       -999.00000000
       -999.00000000
       -999.00000000
       -999.00000000
       -999.00000000
       -999.00000000
       -999.00000000
       -999.00000000
       -999.00000000
       -999.00000000
       -999.00000000
       -999.00000000
       -999.00000000
       -999.00000000
       -999.00000000
       -999.00000000
       -999.00000000
       -999.00000000
       -999.00000000
       -999.00000000
       -999.00000000
       -999.00000000
       -999.00000000
       -999.00000000
       -999.00000000
       -999.00000000
       -999.00000000
       -999.00000000
       -999.00000000
       -999.00000000
       -999.00000000
       -999.00000000
       -999.00000000
       -999.00000000
       -999.00000000
       -999.00000000
       -999.00000000
       -999.00000000
       -999.00000000
       -999.00000000
       -999.00000000
       -999.00000000
       -999.00000000
       -999.00000000
       -999.00000000
       -999.00000000
       -999.00000000
       -999.00000000
       -999.00000000
       -999.00000000
       -999.00000000
       -999.00000000
       -999.00000000
       -999.00000000
       -999.00000000
       -999.00000000
       -999.00000000
       -999.00000000
       -999.00000000
       -999.00000000
       -999.00000000
       -999.00000000
         10.13337297
         10.13745358
         10.13629713
         10.13260590
         10.13789661
         10.13680084
         10.13215717
         10.14143804
         10.13222095
         10.13920589
         10.13257643
         10.13896078
         10.13347244
         10.13947370
         10.13246137
         10.14200539
         10.13310631
         10.13820582
         10.13383946
         10.13843154
         10.14003809
         10.13480256
         10.14040846
         10.13722517
         10.13374890
         10.13823535
         10.14081994
         10.13503416
         10.13964847
         10.14122286
         10.13978440
         10.13485036
         10.14136922
         10.14301762
         10.14139573
         10.13565653
         10.13994045
         10.13537724
         10.14084013
         10.14270968
         10.13682561
         10.14311504
         10.14111351
         10.13624919
         10.14424582
         10.13617801
         10.14185438
         10.14294032
         10.14284169
         10.13775787
         10.14432421
         10.13787233
         10.14276265
         10.14487099
         10.14541557
         10.13868483
         10.14633657
         10.13834211
         10.14376384
         10.14445510
         10.14078529
         10.14727584
         10.13863046
         10.14452625
         10.14469304
         10.14697887
         10.14418844
         10.14107490
         10.14824800
         10.14200082
         10.15032765
         10.15128239
         10.14987384
       -999.00000000
       -999.00000000
       -999.00000000
       -999.00000000
       -999.00000000
       -999.00000000
       -999.00000000
       -999.00000000
       -999.00000000
       -999.00000000
       -999.00000000
       -999.00000000
       -999.00000000
       -999.00000000
       -999.00000000
       -999.00000000
       -999.00000000
       -999.00000000
       -999.00000000
       -999.00000000
       -999.00000000
       -999.00000000
       -999.00000000
       -999.00000000
       -999.00000000
       -999.00000000
       -999.00000000
       -999.00000000
       -999.00000000
       -999.00000000
       -999.00000000
       -999.00000000
       -999.00000000
       -999.00000000
       -999.00000000
       -999.00000000
       -999.00000000
       -999.00000000
       -999.00000000
       -999.00000000
       -999.00000000
       -999.00000000
       -999.00000000
       -999.00000000
       -999.00000000
       -999.00000000
       -999.00000000
       -999.00000000
       -999.00000000
       -999.00000000
       -999.00000000
       -999.00000000
       -999.00000000
       -999.00000000
       -999.00000000
       -999.00000000
       -999.00000000
       -999.00000000
       -999.00000000
       -999.00000000
       -999.00000000
       -999.00000000
       -999.00000000
       -999.00000000
       -999.00000000
       -999.00000000
       -999.00000000
       -999.00000000
       -999.00000000
       -999.00000000
       -999.00000000
       -999.00000000
       -999.00000000
       -999.00000000
       -999.00000000
       -999.00000000
