       -999.00000000
       -999.00000000
       -999.00000000
       -999.00000000
       -999.00000000
       -999.00000000
       -999.00000000
       -999.00000000
       -999.00000000
       -999.00000000
       -999.00000000
       -999.00000000
       -999.00000000
       -999.00000000
       -999.00000000
       -999.00000000
       -999.00000000
       -999.00000000
       -999.00000000
       -999.00000000
       -999.00000000
       -999.00000000
       -999.00000000
       -999.00000000
       -999.00000000
       -999.00000000
       -999.00000000
       -999.00000000
       -999.00000000
       -999.00000000
       -999.00000000
       -999.00000000
       -999.00000000
       -999.00000000
       -999.00000000
       -999.00000000
       -999.00000000
       -999.00000000
       -999.00000000
       -999.00000000
       -999.00000000
       -999.00000000
       -999.00000000
       -999.00000000
       -999.00000000
       -999.00000000
       -999.00000000
       -999.00000000
       -999.00000000
       -999.00000000
       -999.00000000
       -999.00000000
       -999.00000000
       -999.00000000
       -999.00000000
       -999.00000000
       -999.00000000
       -999.00000000
       -999.00000000
       -999.00000000
       -999.00000000
       -999.00000000
       -999.00000000
       -999.00000000
       -999.00000000
       -999.00000000
       -999.00000000
       -999.00000000
       -999.00000000
       -999.00000000
       -999.00000000
       -999.00000000
       -999.00000000
       -999.00000000
       -999.00000000
       -999.00000000
         10.30403204
         10.00009472
         10.00042385
         10.33590496
          9.99705891
         10.00035213
         10.33593913
          6.55863941
         10.33593204
          8.85995868
         10.33592210
          9.50239580
         10.33589025
          9.12863728
         10.33594297
          6.77726703
         10.33592246
          9.94417159
         10.33590745
          9.98429279
          9.55781395
         10.33586812
          9.07405203
         10.00320792
         10.33594962
         10.00059154
          9.48238157
         10.33589016
          9.92197655
          9.61442986
          9.75414022
         10.33591211
          9.36768052
          8.30166771
          9.36298066
         10.33588597
          9.74647886
         10.33592222
          9.75226014
          9.38930957
         10.33586088
          8.93148331
          9.56036666
         10.33591066
          8.01096660
         10.33591161
          9.43617368
          9.31022842
          9.11279766
         10.33242405
          8.97757289
         10.33587005
          9.47271704
          9.00268362
          8.65939183
         10.33585413
          8.21661864
         10.33374293
          9.04284338
          9.49677705
          9.62230852
          8.61233433
         10.32801149
          8.93473481
          9.27241866
          8.87086945
          9.32497217
         10.20468548
          8.60427043
         10.23098886
          8.27506486
          8.19012297
          8.96706293
       -999.00000000
       -999.00000000
       -999.00000000
       -999.00000000
       -999.00000000
       -999.00000000
       -999.00000000
       -999.00000000
       -999.00000000
       -999.00000000
       -999.00000000
       -999.00000000
       -999.00000000
       -999.00000000
       -999.00000000
       -999.00000000
       -999.00000000
       -999.00000000
       -999.00000000
       -999.00000000
       -999.00000000
       -999.00000000
       -999.00000000
       -999.00000000
       -999.00000000
       -999.00000000
       -999.00000000
       -999.00000000
       -999.00000000
       -999.00000000
       -999.00000000
       -999.00000000
       -999.00000000
       -999.00000000
       -999.00000000
       -999.00000000
       -999.00000000
       -999.00000000
       -999.00000000
       -999.00000000
       -999.00000000
       -999.00000000
       -999.00000000
       -999.00000000
       -999.00000000
       -999.00000000
       -999.00000000
       -999.00000000
       -999.00000000
       -999.00000000
       -999.00000000
       -999.00000000
       -999.00000000
       -999.00000000
       -999.00000000
       -999.00000000
       -999.00000000
       -999.00000000
       -999.00000000
       -999.00000000
       -999.00000000
       -999.00000000
       -999.00000000
       -999.00000000
       -999.00000000
       -999.00000000
       -999.00000000
       -999.00000000
       -999.00000000
       -999.00000000
       -999.00000000
       -999.00000000
       -999.00000000
       -999.00000000
       -999.00000000
       -999.00000000
