       -999.00000000
       -999.00000000
       -999.00000000
       -999.00000000
       -999.00000000
       -999.00000000
       -999.00000000
       -999.00000000
       -999.00000000
       -999.00000000
       -999.00000000
       -999.00000000
       -999.00000000
       -999.00000000
       -999.00000000
       -999.00000000
       -999.00000000
       -999.00000000
       -999.00000000
       -999.00000000
       -999.00000000
       -999.00000000
       -999.00000000
       -999.00000000
       -999.00000000
       -999.00000000
       -999.00000000
       -999.00000000
       -999.00000000
       -999.00000000
       -999.00000000
       -999.00000000
       -999.00000000
       -999.00000000
       -999.00000000
       -999.00000000
       -999.00000000
       -999.00000000
       -999.00000000
       -999.00000000
       -999.00000000
       -999.00000000
       -999.00000000
       -999.00000000
       -999.00000000
       -999.00000000
       -999.00000000
       -999.00000000
       -999.00000000
       -999.00000000
       -999.00000000
       -999.00000000
       -999.00000000
       -999.00000000
       -999.00000000
       -999.00000000
       -999.00000000
       -999.00000000
       -999.00000000
       -999.00000000
       -999.00000000
       -999.00000000
       -999.00000000
       -999.00000000
       -999.00000000
       -999.00000000
       -999.00000000
       -999.00000000
       -999.00000000
       -999.00000000
       -999.00000000
       -999.00000000
       -999.00000000
       -999.00000000
       -999.00000000
       -999.00000000
    7690945.73767246
    6880169.16185067
    7312168.24274185
    7729080.04564411
    6960381.57160185
    7340929.13845387
    7756517.29714309
    6719995.13665710
    7750817.37021338
    6790144.37421955
    7742828.49449906
    6896422.05920450
    7717303.12064131
    6828453.18365173
    7759608.33251151
    6724773.36704987
    7743118.50981903
    7326045.79357134
    7731082.09762328
    7302038.01440530
    6881564.59318333
    7699612.78746437
    6844817.73520661
    7603047.04638075
    7764962.23258991
    7536511.39447788
    7009577.82689624
    7717233.01318061
    7363722.37219021
    7001181.46667624
    7350856.00403455
    7734814.74728390
    6947876.63879858
    6740944.17712871
    6912475.30322309
    7713878.03887585
    7499087.09167993
    7742927.98757436
    7410430.41827786
    7091325.48160382
    7693839.51419169
    6964148.01771642
    7465076.46408608
    7733657.09141243
    6786060.68058364
    7734416.88291048
    7390198.83776256
    7261902.20840414
    7273924.91719480
    7697753.40446944
    7173799.36754258
    7701158.88323051
    7318272.99305070
    6914003.08884590
    6932888.92890869
    7688450.66786926
    6843934.60009343
    7710613.46971133
    7353466.12757417
    7372563.99320892
    7661404.49007251
    7082982.17006676
    7733521.17407394
    7473894.24797862
    7506615.15367367
    7251412.80995412
    7624486.02525239
    7693497.71574035
    7234402.32199948
    7676344.13986550
    7011108.30144866
    6812513.53457318
    7154270.48246620
       -999.00000000
       -999.00000000
       -999.00000000
       -999.00000000
       -999.00000000
       -999.00000000
       -999.00000000
       -999.00000000
       -999.00000000
       -999.00000000
       -999.00000000
       -999.00000000
       -999.00000000
       -999.00000000
       -999.00000000
       -999.00000000
       -999.00000000
       -999.00000000
       -999.00000000
       -999.00000000
       -999.00000000
       -999.00000000
       -999.00000000
       -999.00000000
       -999.00000000
       -999.00000000
       -999.00000000
       -999.00000000
       -999.00000000
       -999.00000000
       -999.00000000
       -999.00000000
       -999.00000000
       -999.00000000
       -999.00000000
       -999.00000000
       -999.00000000
       -999.00000000
       -999.00000000
       -999.00000000
       -999.00000000
       -999.00000000
       -999.00000000
       -999.00000000
       -999.00000000
       -999.00000000
       -999.00000000
       -999.00000000
       -999.00000000
       -999.00000000
       -999.00000000
       -999.00000000
       -999.00000000
       -999.00000000
       -999.00000000
       -999.00000000
       -999.00000000
       -999.00000000
       -999.00000000
       -999.00000000
       -999.00000000
       -999.00000000
       -999.00000000
       -999.00000000
       -999.00000000
       -999.00000000
       -999.00000000
       -999.00000000
       -999.00000000
       -999.00000000
       -999.00000000
       -999.00000000
       -999.00000000
       -999.00000000
       -999.00000000
       -999.00000000
