       -999.00000000
       -999.00000000
       -999.00000000
       -999.00000000
       -999.00000000
       -999.00000000
       -999.00000000
       -999.00000000
       -999.00000000
       -999.00000000
       -999.00000000
       -999.00000000
       -999.00000000
       -999.00000000
       -999.00000000
       -999.00000000
       -999.00000000
       -999.00000000
       -999.00000000
       -999.00000000
       -999.00000000
       -999.00000000
       -999.00000000
       -999.00000000
       -999.00000000
       -999.00000000
       -999.00000000
       -999.00000000
       -999.00000000
       -999.00000000
       -999.00000000
       -999.00000000
       -999.00000000
       -999.00000000
       -999.00000000
       -999.00000000
       -999.00000000
       -999.00000000
       -999.00000000
       -999.00000000
       -999.00000000
       -999.00000000
       -999.00000000
       -999.00000000
       -999.00000000
       -999.00000000
       -999.00000000
       -999.00000000
       -999.00000000
       -999.00000000
       -999.00000000
       -999.00000000
       -999.00000000
       -999.00000000
       -999.00000000
       -999.00000000
       -999.00000000
       -999.00000000
       -999.00000000
       -999.00000000
       -999.00000000
       -999.00000000
       -999.00000000
       -999.00000000
       -999.00000000
       -999.00000000
       -999.00000000
       -999.00000000
       -999.00000000
       -999.00000000
       -999.00000000
       -999.00000000
       -999.00000000
       -999.00000000
       -999.00000000
       -999.00000000
         -0.13667671
          0.22339057
          0.08930577
         -0.18131880
          0.22306645
          0.09357754
         -0.19378203
          0.50710608
         -0.19042629
          0.28051784
         -0.18142133
          0.26098521
         -0.15732980
          0.28244700
         -0.18479517
          0.55330473
         -0.16654085
          0.14072923
         -0.14864885
          0.14812510
          0.28955619
         -0.11998464
          0.30665343
          0.02836464
         -0.15206262
          0.06506753
          0.28927046
         -0.11608799
          0.15916009
          0.30289996
          0.17149148
         -0.12131774
          0.34557792
          0.53446756
          0.36727263
         -0.09820414
          0.15234022
         -0.09593622
          0.21390421
          0.40897569
         -0.05612534
          0.50514749
          0.26137757
         -0.05813116
          0.68066252
         -0.07836385
          0.34460696
          0.44334436
          0.45813024
          0.02270841
          0.56203022
          0.00480889
          0.43186807
          0.64588677
          0.69727341
          0.06687807
          0.78278776
          0.08597847
          0.54798608
          0.56285354
          0.26321724
          0.77223151
          0.13360108
          0.56485641
          0.54807165
          0.74412902
          0.46425811
          0.27515057
          0.82477993
          0.33027608
          0.95369336
          1.03924617
          0.88835194
       -999.00000000
       -999.00000000
       -999.00000000
       -999.00000000
       -999.00000000
       -999.00000000
       -999.00000000
       -999.00000000
       -999.00000000
       -999.00000000
       -999.00000000
       -999.00000000
       -999.00000000
       -999.00000000
       -999.00000000
       -999.00000000
       -999.00000000
       -999.00000000
       -999.00000000
       -999.00000000
       -999.00000000
       -999.00000000
       -999.00000000
       -999.00000000
       -999.00000000
       -999.00000000
       -999.00000000
       -999.00000000
       -999.00000000
       -999.00000000
       -999.00000000
       -999.00000000
       -999.00000000
       -999.00000000
       -999.00000000
       -999.00000000
       -999.00000000
       -999.00000000
       -999.00000000
       -999.00000000
       -999.00000000
       -999.00000000
       -999.00000000
       -999.00000000
       -999.00000000
       -999.00000000
       -999.00000000
       -999.00000000
       -999.00000000
       -999.00000000
       -999.00000000
       -999.00000000
       -999.00000000
       -999.00000000
       -999.00000000
       -999.00000000
       -999.00000000
       -999.00000000
       -999.00000000
       -999.00000000
       -999.00000000
       -999.00000000
       -999.00000000
       -999.00000000
       -999.00000000
       -999.00000000
       -999.00000000
       -999.00000000
       -999.00000000
       -999.00000000
       -999.00000000
       -999.00000000
       -999.00000000
       -999.00000000
       -999.00000000
       -999.00000000
       -999.00000000
       -999.00000000
       -999.00000000
       -999.00000000
       -999.00000000
       -999.00000000
       -999.00000000
       -999.00000000
       -999.00000000
       -999.00000000
       -999.00000000
       -999.00000000
       -999.00000000
       -999.00000000
       -999.00000000
       -999.00000000
       -999.00000000
       -999.00000000
       -999.00000000
       -999.00000000
       -999.00000000
       -999.00000000
       -999.00000000
       -999.00000000
       -999.00000000
       -999.00000000
       -999.00000000
       -999.00000000
       -999.00000000
       -999.00000000
       -999.00000000
       -999.00000000
       -999.00000000
       -999.00000000
       -999.00000000
       -999.00000000
       -999.00000000
       -999.00000000
       -999.00000000
       -999.00000000
       -999.00000000
       -999.00000000
       -999.00000000
       -999.00000000
       -999.00000000
       -999.00000000
       -999.00000000
       -999.00000000
       -999.00000000
       -999.00000000
       -999.00000000
       -999.00000000
       -999.00000000
       -999.00000000
       -999.00000000
       -999.00000000
       -999.00000000
       -999.00000000
       -999.00000000
       -999.00000000
       -999.00000000
       -999.00000000
       -999.00000000
       -999.00000000
       -999.00000000
       -999.00000000
       -999.00000000
       -999.00000000
       -999.00000000
       -999.00000000
       -999.00000000
       -999.00000000
       -999.00000000
       -999.00000000
       -999.00000000
       -999.00000000
         -0.12873771
          0.10288348
          0.06698415
         -0.14241641
          0.10388828
          0.04918004
         -0.14505987
          0.51014051
         -0.14088828
          0.30899581
         -0.13784081
          0.21446415
         -0.13157918
          0.30790436
         -0.13826005
          0.55207513
         -0.13185884
          0.09169101
         -0.12845310
          0.09476946
          0.12985540
         -0.11888159
          0.13504188
         -0.06581306
         -0.13647246
         -0.03792433
          0.13089262
         -0.11784906
          0.06939764
          0.13579559
          0.08348039
         -0.11940733
          0.27608332
          0.43276906
          0.29495656
         -0.11319625
          0.02116001
         -0.11311869
          0.06348593
          0.18046856
         -0.10040499
          0.41706641
          0.08573284
         -0.09879702
          0.66358096
         -0.10281163
          0.18300741
          0.24701106
          0.26588711
         -0.02593155
          0.30571402
         -0.02780575
          0.24655654
          0.36008738
          0.39464492
          0.01695036
          0.44240153
          0.04910880
          0.35127697
          0.38021303
          0.15125290
          0.47360215
          0.09021210
          0.33433733
          0.33680841
          0.50316933
          0.27812563
          0.19712043
          0.55758103
          0.22415993
          0.61951253
          0.86536397
          0.75401046
       -999.00000000
       -999.00000000
       -999.00000000
       -999.00000000
       -999.00000000
       -999.00000000
       -999.00000000
       -999.00000000
       -999.00000000
       -999.00000000
       -999.00000000
       -999.00000000
       -999.00000000
       -999.00000000
       -999.00000000
       -999.00000000
       -999.00000000
       -999.00000000
       -999.00000000
       -999.00000000
       -999.00000000
       -999.00000000
       -999.00000000
       -999.00000000
       -999.00000000
       -999.00000000
       -999.00000000
       -999.00000000
       -999.00000000
       -999.00000000
       -999.00000000
       -999.00000000
       -999.00000000
       -999.00000000
       -999.00000000
       -999.00000000
       -999.00000000
       -999.00000000
       -999.00000000
       -999.00000000
       -999.00000000
       -999.00000000
       -999.00000000
       -999.00000000
       -999.00000000
       -999.00000000
       -999.00000000
       -999.00000000
       -999.00000000
       -999.00000000
       -999.00000000
       -999.00000000
       -999.00000000
       -999.00000000
       -999.00000000
       -999.00000000
       -999.00000000
       -999.00000000
       -999.00000000
       -999.00000000
       -999.00000000
       -999.00000000
       -999.00000000
       -999.00000000
       -999.00000000
       -999.00000000
       -999.00000000
       -999.00000000
       -999.00000000
       -999.00000000
       -999.00000000
       -999.00000000
       -999.00000000
       -999.00000000
       -999.00000000
       -999.00000000
