       -999.00000000
       -999.00000000
       -999.00000000
       -999.00000000
       -999.00000000
       -999.00000000
       -999.00000000
       -999.00000000
       -999.00000000
       -999.00000000
       -999.00000000
       -999.00000000
       -999.00000000
       -999.00000000
       -999.00000000
       -999.00000000
       -999.00000000
       -999.00000000
       -999.00000000
       -999.00000000
       -999.00000000
       -999.00000000
       -999.00000000
       -999.00000000
       -999.00000000
       -999.00000000
       -999.00000000
       -999.00000000
       -999.00000000
       -999.00000000
       -999.00000000
       -999.00000000
       -999.00000000
       -999.00000000
       -999.00000000
       -999.00000000
       -999.00000000
       -999.00000000
       -999.00000000
       -999.00000000
       -999.00000000
       -999.00000000
       -999.00000000
       -999.00000000
       -999.00000000
       -999.00000000
       -999.00000000
       -999.00000000
       -999.00000000
       -999.00000000
       -999.00000000
       -999.00000000
       -999.00000000
       -999.00000000
       -999.00000000
       -999.00000000
       -999.00000000
       -999.00000000
       -999.00000000
       -999.00000000
       -999.00000000
       -999.00000000
       -999.00000000
       -999.00000000
       -999.00000000
       -999.00000000
       -999.00000000
       -999.00000000
       -999.00000000
       -999.00000000
       -999.00000000
       -999.00000000
       -999.00000000
       -999.00000000
       -999.00000000
       -999.00000000
          0.24719128
          0.78251184
          0.59893979
          0.15802165
          0.78055929
          0.59402150
          0.09999293
          1.05641489
          0.10203191
          0.87344504
          0.12005525
          0.82342695
          0.18226165
          0.85836566
          0.08591367
          1.04344643
          0.12693884
          0.64656318
          0.16869336
          0.65506561
          0.84150843
          0.23267507
          0.86172532
          0.41197374
          0.11667780
          0.48478217
          0.83362175
          0.20702756
          0.63536014
          0.84063620
          0.64966473
          0.16629738
          0.83698534
          0.98018738
          0.83015380
          0.20350170
          0.54384507
          0.16605535
          0.62044924
          0.85447306
          0.25690750
          0.88562724
          0.59478884
          0.18780807
          0.96756497
          0.17215160
          0.64689948
          0.77788497
          0.76085904
          0.26147066
          0.86049963
          0.25369356
          0.69735358
          0.91048738
          0.92725341
          0.27803848
          0.95727400
          0.24400308
          0.70973359
          0.73408234
          0.35985634
          0.91962286
          0.19411797
          0.61298194
          0.61058995
          0.82529681
          0.46389642
          0.28857953
          0.84688669
          0.32148075
          0.95385333
          0.99762699
          0.89748785
       -999.00000000
       -999.00000000
       -999.00000000
       -999.00000000
       -999.00000000
       -999.00000000
       -999.00000000
       -999.00000000
       -999.00000000
       -999.00000000
       -999.00000000
       -999.00000000
       -999.00000000
       -999.00000000
       -999.00000000
       -999.00000000
       -999.00000000
       -999.00000000
       -999.00000000
       -999.00000000
       -999.00000000
       -999.00000000
       -999.00000000
       -999.00000000
       -999.00000000
       -999.00000000
       -999.00000000
       -999.00000000
       -999.00000000
       -999.00000000
       -999.00000000
       -999.00000000
       -999.00000000
       -999.00000000
       -999.00000000
       -999.00000000
       -999.00000000
       -999.00000000
       -999.00000000
       -999.00000000
       -999.00000000
       -999.00000000
       -999.00000000
       -999.00000000
       -999.00000000
       -999.00000000
       -999.00000000
       -999.00000000
       -999.00000000
       -999.00000000
       -999.00000000
       -999.00000000
       -999.00000000
       -999.00000000
       -999.00000000
       -999.00000000
       -999.00000000
       -999.00000000
       -999.00000000
       -999.00000000
       -999.00000000
       -999.00000000
       -999.00000000
       -999.00000000
       -999.00000000
       -999.00000000
       -999.00000000
       -999.00000000
       -999.00000000
       -999.00000000
       -999.00000000
       -999.00000000
       -999.00000000
       -999.00000000
       -999.00000000
       -999.00000000
