          0.00477778
          0.00549804
          0.00525687
          0.00469200
          0.00552492
          0.00528279
          0.00464008
          0.00595683
          0.00464799
          0.00570858
          0.00468767
          0.00565428
          0.00478616
          0.00572546
          0.00467387
          0.00601346
          0.00474547
          0.00546182
          0.00482498
          0.00549299
          0.00576722
          0.00492888
          0.00581724
          0.00519512
          0.00481008
          0.00531241
          0.00581888
          0.00495146
          0.00555619
          0.00586148
          0.00559731
          0.00493111
          0.00589076
          0.00611187
          0.00590237
          0.00501788
          0.00550824
          0.00498418
          0.00564469
          0.00599646
          0.00514218
          0.00606682
          0.00565600
          0.00507640
          0.00622638
          0.00507210
          0.00577412
          0.00598142
          0.00596950
          0.00524039
          0.00614595
          0.00525096
          0.00591962
          0.00625890
          0.00630811
          0.00533714
          0.00642610
          0.00529994
          0.00601433
          0.00606672
          0.00555682
          0.00647061
          0.00532627
          0.00600272
          0.00600349
          0.00640307
          0.00591104
          0.00558391
          0.00653750
          0.00568236
          0.00679931
          0.00693799
          0.00671076
          0.00394457
          0.00446570
          0.00439295
          0.00391921
          0.00447237
          0.00437777
          0.00390903
          0.00463006
          0.00391580
          0.00455760
          0.00392489
          0.00451446
          0.00394600
          0.00456121
          0.00392373
          0.00464990
          0.00394273
          0.00446421
          0.00396030
          0.00447145
          0.00454710
          0.00398376
          0.00456492
          0.00408057
          0.00392076
          0.00414850
          0.00455977
          0.00398937
          0.00444405
          0.00457181
          0.00448188
          0.00398676
          0.00458364
          0.00465520
          0.00458940
          0.00400438
          0.00426381
          0.00396744
          0.00434681
          0.00461025
          0.00404028
          0.00463463
          0.00432822
          0.00398891
          0.00471775
          0.00403187
          0.00450391
          0.00461484
          0.00461843
          0.00407832
          0.00465705
          0.00407121
          0.00457624
          0.00469042
          0.00470133
          0.00409421
          0.00472848
          0.00409364
          0.00461449
          0.00463132
          0.00414305
          0.00472510
          0.00404652
          0.00440786
          0.00442022
          0.00471283
          0.00420623
          0.00413232
          0.00473699
          0.00416246
          0.00478529
          0.00481945
          0.00475458
